images/0/1.jpg	0,10,18,37	19,18,38,40	38,7,58,37	59,9,78,38	79,17,98,38	99,17,119,39
images/0/2.jpg	8,9,32,53	31,9,61,53	60,8,88,53	89,7,112,53	111,8,145,53	148,8,176,54
images/0/3.jpg	5,1,63,73	26,2,104,73	69,0,149,73
images/0/4.jpg	10,15,30,38	28,15,46,38	47,15,61,37	61,7,84,37	79,15,100,37	96,6,118,37
images/0/6.jpg	5,16,35,64	39,17,65,65	69,2,99,65	101,20,133,68	137,21,159,68	163,22,211,70	215,24,245,72	251,26,283,73
images/0/7.jpg	2,5,19,42	24,7,45,45
images/0/8.jpg	4,11,26,56	25,2,56,53	55,13,87,49
images/0/0.jpg	1,33,42,80	40,16,86,63	90,10,126,57	146,15,159,61	182,27,211,79	231,51,267,102
images/0/5.jpg	5,10,51,67	33,10,79,67	60,10,105,67	87,10,132,67	112,10,158,67
images/0/12.jpg	3,8,38,47	34,7,64,47	60,9,89,47	88,9,112,47
images/0/10.jpg	8,11,40,53	55,23,107,63	116,31,151,66	162,34,191,67	201,33,222,63	239,29,248,58	261,24,278,49	285,16,304,40	307,6,322,29
images/0/9.jpg	3,20,30,56	30,10,54,57	53,21,82,57	86,7,118,58	120,9,133,59	134,8,149,60	150,10,163,60	164,14,188,61	186,24,217,70
images/0/11.jpg	0,34,29,86	51,17,81,64	89,7,127,53	131,3,167,46	174,2,208,45	213,7,244,52	259,16,291,65	313,33,359,87
images/0/13.jpg	9,25,51,88	55,37,90,81	89,29,127,74	130,11,149,69	153,1,194,64	195,0,214,58	219,11,255,55	258,4,299,50
images/0/15.jpg	1,7,34,57	38,12,72,60
images/0/16.jpg	4,7,27,37	27,13,50,37	51,6,68,38	68,12,95,38	96,12,119,39	122,3,144,40	146,0,157,40	160,10,195,41	199,10,241,53
images/0/14.jpg	7,26,36,62	36,22,84,61	84,20,116,57	117,18,148,53	148,15,175,52	173,3,189,50	190,13,219,49	220,9,248,45	246,8,273,45
images/0/18.jpg	5,4,34,41	37,4,66,41
images/0/20.jpg	9,6,35,49	37,17,60,52	65,10,83,54
images/0/17.jpg	3,6,32,44	33,9,62,48	61,14,89,54	91,16,123,58	120,23,148,63	152,26,178,66	181,29,209,70
images/0/19.jpg	6,8,27,44	31,3,53,42	56,9,76,40
images/0/23.jpg	5,39,28,77	33,8,53,51	67,7,82,39	92,4,113,43	120,7,142,48	155,11,165,53	179,43,197,73
images/0/21.jpg	9,8,59,52	63,19,103,49	112,20,139,47	142,20,168,52	171,21,193,43	196,14,214,42
images/0/26.jpg	4,3,21,53	22,4,61,58	63,10,94,61	95,15,128,68	127,22,161,73	167,26,201,79	203,29,232,81	231,35,247,85	252,38,290,91	293,43,332,97	330,48,363,100
images/0/24.jpg	4,4,25,32	28,6,51,34	54,9,74,38	80,13,102,40	108,16,126,45	133,21,153,49	158,24,178,51	184,28,204,55	211,31,229,59	236,35,258,62
images/0/27.jpg	9,5,29,40	31,3,41,39	44,0,52,37	57,4,66,39	70,14,87,40	89,14,112,42	114,13,135,40	140,13,157,41
images/0/25.jpg	2,3,23,76	47,18,89,62	108,17,136,63	170,21,195,65	211,24,259,71	274,34,306,77	328,43,362,88	381,56,417,112	439,71,471,116	497,90,525,130	543,90,573,163
images/0/28.jpg	10,20,60,68	63,22,107,65	108,20,151,66	154,21,202,66	205,21,243,64	246,20,292,63	295,5,342,64	346,3,377,62	378,19,423,61	428,21,455,60	458,18,500,60	503,18,543,59	545,21,584,69	587,6,605,55	605,19,639,59	642,17,672,55	674,20,709,54	712,5,736,56	739,18,772,55	776,19,797,54	798,18,847,55	849,18,877,54
images/0/29.jpg	7,33,32,70	34,28,61,64	60,24,88,60	93,20,122,57	127,11,173,52	175,7,203,43	207,3,236,40
images/0/30.jpg	6,11,36,58	39,7,68,57
images/0/32.jpg	9,26,41,63	43,1,70,40	74,26,104,63
images/0/33.jpg	3,8,24,45	24,15,44,47	50,4,69,45	72,5,81,45	87,13,108,45	112,13,135,56
images/0/31.jpg	4,27,33,68	40,27,73,80	81,27,114,80	121,27,142,68	147,27,182,68	187,27,218,68	223,12,236,68	243,27,274,68	281,27,313,80	322,9,336,68	340,27,370,80
images/0/36.jpg	7,4,36,36	39,5,61,36	65,7,86,36	89,8,113,36	114,9,132,37	133,10,153,36	155,12,173,36	177,13,191,36	193,13,206,35	208,14,222,35
images/0/35.jpg	2,17,18,46	22,18,35,47	40,6,47,47	54,7,67,47	71,4,77,47	84,17,100,48	105,6,112,48	118,17,133,46	139,17,167,47
images/0/34.jpg	8,3,65,63	40,1,92,58	67,10,114,55	93,0,135,57
images/0/37.jpg	9,6,35,43	38,6,67,42	63,6,93,42	89,6,122,44	119,6,149,43	144,6,174,43	172,7,201,43
images/0/22.jpg	6,12,52,52	41,22,75,53	56,10,87,52	74,21,98,52	93,21,126,52	108,7,150,53	133,11,164,52
images/0/38.jpg	5,0,17,66
images/0/41.jpg	1,9,19,68
images/0/43.jpg	10,8,25,35	27,14,43,35
images/0/39.jpg	10,8,34,42	37,8,63,45	68,8,96,47	102,9,137,51	142,9,182,56	195,5,231,69
images/0/45.jpg	9,4,35,47	36,18,62,47	65,20,91,50	93,22,119,61	124,12,147,55	154,19,180,56
images/0/42.jpg	9,3,43,28	52,3,85,28	94,3,132,28	140,3,185,28	197,3,229,28	239,3,267,28	277,3,309,28	317,3,362,28	370,3,408,28	417,3,425,28	438,3,473,28	482,3,510,28
images/0/44.jpg	8,8,22,26	21,12,35,28	36,11,49,27	48,7,59,28	58,12,74,28	73,11,89,27	90,7,102,28	100,6,108,29	108,11,126,29	126,10,146,33	147,11,167,34	168,9,192,30	192,3,203,29	202,2,214,30	212,3,224,31	223,9,250,31	249,9,280,37	279,10,306,32	305,8,342,34
images/0/47.jpg	6,1,28,44	29,1,57,43	55,1,85,43
images/0/48.jpg	2,1,30,36	29,1,50,36	51,1,72,37	71,1,92,36	92,0,112,37	113,1,129,36	130,1,149,37	149,29,156,37
images/0/46.jpg	3,46,39,92	39,51,73,89	78,46,111,84	118,42,144,80	151,37,185,75	185,33,224,72	224,29,258,66	266,24,292,63	298,20,333,57	334,4,369,52	373,10,405,48	408,7,442,44	447,3,478,40
images/0/49.jpg	0,10,17,54	17,21,32,54	32,21,53,55	51,11,72,54	72,22,92,54	91,22,106,54	106,13,118,54	116,22,134,54	131,16,149,55	146,22,169,55	165,23,189,54
images/0/51.jpg	5,1,24,28	29,3,49,28	52,4,68,31	71,5,91,33
images/0/50.jpg	4,6,25,41	29,14,48,41	56,12,70,40	77,0,96,38	102,11,120,37	128,9,148,36	157,29,164,43
images/0/40.jpg	1,3,35,42	41,4,75,42	81,5,109,42	117,7,143,42	149,9,175,42	181,10,203,43
images/0/52.jpg	5,12,43,55	43,12,89,57	92,12,130,56	133,13,172,56	173,10,223,56	227,12,268,57	266,11,306,56
images/0/55.jpg	0,10,22,44	26,11,45,44	47,11,66,47	70,14,89,48	93,15,123,51	127,19,149,53	154,20,170,55	174,21,194,56	198,23,222,57
images/0/54.jpg	8,17,46,57	48,16,77,58	82,16,109,58	117,0,139,57	144,16,170,58	180,0,194,58	198,0,214,58	215,16,241,71
images/0/56.jpg	6,3,35,28	34,8,64,28	61,8,93,28	90,8,120,33	119,8,147,28	146,4,176,28	175,3,205,28	203,0,231,28	230,2,260,28	258,0,288,28	286,2,315,28	314,4,344,28	342,9,372,33
images/0/58.jpg	6,0,38,42	31,1,61,44	55,3,87,45	80,5,112,47	104,6,135,48
images/0/53.jpg	8,9,60,64	108,3,132,58	176,13,224,53	252,12,295,51	325,12,356,48	394,10,411,46	443,12,474,52	495,11,525,43	538,10,582,42	599,3,613,42	635,13,661,42	679,8,695,43	712,16,736,44	749,18,770,50	782,19,801,45	817,16,830,47	845,23,859,48	872,17,888,50	901,24,911,52
images/0/59.jpg	8,9,34,56	36,18,62,55	66,17,91,64	95,16,120,64	124,4,135,53	139,14,165,52	168,14,194,62
images/0/57.jpg	9,4,45,41	57,25,76,52	93,35,118,64	133,45,158,74	167,53,205,84	214,60,240,90	255,66,281,95	300,64,319,99	337,72,361,102	383,67,401,102	426,63,438,101	459,69,487,98	503,65,529,94
images/0/62.jpg	5,1,34,34	41,1,59,35
images/0/64.jpg	7,1,19,54
images/0/60.jpg	10,38,32,67	28,26,57,65	56,32,80,59	79,28,106,56	103,22,130,59	130,18,154,48	155,4,181,44
images/0/66.jpg	4,15,13,41	14,10,23,42	24,22,34,42	36,16,45,42
images/0/63.jpg	5,9,26,63	28,25,47,64	51,13,60,62	62,23,83,63	87,10,96,63	99,23,118,65	121,13,129,62	133,25,152,63
images/0/61.jpg	2,21,34,72	35,20,71,69	71,20,106,67	108,16,141,68	146,18,177,68	180,15,213,65	215,16,250,65	253,14,284,63	291,13,320,61	324,13,359,61	362,10,391,61	395,8,431,61	431,9,467,59
images/0/67.jpg	9,30,43,74	45,25,78,70	76,19,112,65	111,12,146,59	146,9,180,52	178,2,210,47
images/0/68.jpg	0,5,28,57	30,16,53,57	58,6,76,57	79,6,97,57	99,16,126,57	129,16,156,57	160,16,181,57
images/0/65.jpg	0,41,16,102	38,37,86,87	101,26,131,73	153,19,186,80	217,1,234,62	264,19,297,66	321,26,351,74
images/0/71.jpg	2,29,61,103	39,22,103,96	80,14,147,91	129,9,194,83	171,4,209,77
images/0/69.jpg	3,2,36,50	42,24,82,67	81,35,118,78	122,38,156,80	159,33,192,78	193,22,234,67	235,4,274,45
images/0/70.jpg	2,0,69,86	41,37,93,109	85,42,129,112	117,9,178,101
images/0/74.jpg	3,10,14,42	17,13,26,44	28,8,32,41	34,14,44,49
images/0/75.jpg	0,9,22,38	19,18,39,39	40,19,59,41	61,19,78,41	79,14,100,44	100,23,118,46	119,25,138,52	141,28,159,49
images/0/73.jpg	6,9,26,43	30,35,57,70	62,36,96,76	102,9,142,55
images/0/76.jpg	10,6,34,40	34,12,58,38
images/0/78.jpg	9,2,24,54	30,15,58,45	63,15,89,46	94,16,123,47	129,16,156,48
images/0/77.jpg	4,18,30,52	32,14,57,47	59,10,84,45	86,3,114,40	114,1,141,38	152,26,161,35
images/0/72.jpg	1,9,23,67
images/0/80.jpg	8,18,38,69	42,27,71,67	73,23,102,64	103,5,131,64	133,20,172,61	174,5,188,56	193,17,221,58
images/0/81.jpg	9,11,47,57	50,21,79,56	86,6,122,57	127,21,150,57	154,21,186,57	191,21,218,56	224,20,273,58
images/0/82.jpg	5,6,26,37	29,13,49,37	54,1,74,36	79,12,100,36	105,12,124,36	128,12,151,36	154,12,174,36	180,12,199,36
images/0/79.jpg	8,9,33,48	32,21,54,50	57,22,81,52	84,17,108,51	108,25,134,53	137,26,159,55	160,28,186,62
images/0/84.jpg	1,10,23,42	22,10,40,42	40,8,61,40	61,8,82,40	80,7,102,40	101,7,124,39	124,5,142,37	143,5,165,38
images/0/85.jpg	5,4,33,43	40,4,64,38
images/0/83.jpg	7,37,29,81	44,24,60,67	72,14,102,59	108,9,137,53	142,6,176,53	182,11,210,58	227,20,247,67	259,34,296,83
images/0/86.jpg	8,32,34,70	53,27,80,65	96,23,125,60	141,19,169,56	193,16,205,52	230,13,255,50	269,13,304,50	317,13,344,50	361,14,388,50	410,12,424,58	456,43,467,54	493,20,518,57	534,25,565,62	576,29,612,65	617,34,660,73	667,42,696,79
images/0/89.jpg	9,25,47,63	57,14,83,51	100,6,123,43	143,4,164,42	184,6,209,44	229,12,248,50	268,24,293,63
images/0/87.jpg	10,18,42,57	48,30,81,69	97,24,122,76	132,42,163,80	174,41,205,80	211,36,255,76	263,29,292,68	306,4,337,56
images/0/90.jpg	10,1,32,32
images/0/88.jpg	4,7,34,60	21,5,41,59	28,14,55,60	41,5,60,66	49,14,76,60	62,5,82,60	69,7,91,60	78,14,105,60
images/0/93.jpg	2,6,27,43	34,18,56,49	67,25,85,55	95,28,119,58	126,30,148,60	160,30,177,60	195,20,205,58	219,15,242,55	251,19,273,49	286,13,301,43
images/0/94.jpg	8,8,34,43	38,19,48,42
images/0/92.jpg	5,1,29,40	23,5,40,43	35,12,54,43	49,14,73,46	69,15,94,49	90,13,108,52	104,12,118,52	113,23,136,55	132,23,167,58
images/0/95.jpg	8,9,32,52	31,10,58,51	59,10,86,51	88,7,97,25	98,10,121,51	122,10,150,52	152,10,174,51	175,10,195,51	196,10,206,51	207,10,233,51	234,9,256,51	257,10,282,51	283,10,293,51	296,10,318,51
images/0/91.jpg	1,3,31,56	40,4,76,58	83,5,118,59	129,6,159,59	171,7,205,59	215,9,245,62	255,10,291,63	301,11,333,65	339,12,380,65	387,14,420,67	425,16,464,69	468,16,506,69	516,17,548,71	556,18,592,71	599,20,636,73	645,21,675,74	683,22,721,76	730,23,764,75	774,25,806,78
images/0/96.jpg	6,39,30,73	40,29,55,61	61,21,83,54	86,13,108,56	114,11,136,44	140,11,163,43	172,5,181,46	193,19,213,52	219,27,241,61	247,39,267,74
images/0/99.jpg	10,3,41,55	47,39,76,75	84,40,113,74	114,14,153,56
images/0/97.jpg	1,20,39,73	28,30,66,70	57,27,93,67	83,21,120,62	113,10,150,60	138,3,177,57	167,12,202,63
images/0/98.jpg	9,6,20,37	30,9,54,37
