images/0/1.jpg	0,9,21,40	20,16,39,41	41,7,51,41	51,7,59,41	60,17,81,39	83,17,100,41
images/0/0.jpg	4,31,41,79	35,13,71,61	73,5,102,52	114,9,128,55	141,21,164,71	176,46,210,94
images/0/3.jpg	22,12,48,61	42,13,81,61	77,14,116,61
images/0/2.jpg	2,7,32,48	31,6,61,48	60,6,90,48	91,7,119,48	118,7,148,47	148,8,176,49
images/0/7.jpg	4,6,24,40	30,9,53,41
images/0/6.jpg	5,13,39,56	43,15,80,57	84,2,119,59	121,18,158,60	165,20,195,62	199,22,236,64	239,24,273,65	279,25,312,67
images/0/8.jpg	4,11,22,56	21,2,47,54	46,14,71,52
images/0/9.jpg	3,20,24,58	24,11,43,59	41,20,66,58	68,7,94,59	95,10,106,60	109,8,122,61	123,11,135,61	137,14,156,62	154,24,179,70
images/0/4.jpg	10,16,38,42	37,16,58,42	58,16,70,41	68,7,93,41	89,15,112,41	107,7,134,41
images/0/5.jpg	14,20,46,60	48,20,85,60	88,20,129,60	132,20,161,60	160,20,190,60
