images/0/1.jpg	0,7,21,38	3,45,24,78	9,90,23,113	15,126,24,158	13,169,33,194	15,205,36,240
images/0/2.jpg	22,7,49,48	20,58,44,100	16,108,42,150	13,160,39,202	12,209,34,252	7,261,33,303
images/0/0.jpg	20,5,49,54	11,65,37,112	5,124,33,170	4,181,29,229	4,239,30,286	16,296,24,342	11,354,39,402	20,410,49,459
images/0/4.jpg	10,7,24,30	11,38,24,58	13,71,23,94	10,105,27,144	11,157,28,192
images/0/6.jpg	23,2,54,43	19,65,52,106	14,120,47,177	10,191,45,232	8,254,39,295	5,317,35,358
images/0/8.jpg	13,3,27,28	10,31,30,59	10,65,31,86
images/0/7.jpg	35,6,57,41	26,46,52,80	17,93,44,107	14,123,38,157	11,162,35,198	9,209,36,225	12,241,34,275	15,278,39,312
images/0/9.jpg	1,7,22,47	8,63,27,110	10,125,34,163	16,183,39,222	19,237,45,289
images/0/5.jpg	10,3,59,65	9,52,58,113	8,102,56,163	17,153,44,213	7,202,52,264	4,252,53,314
images/0/3.jpg	22,9,52,63	12,56,62,110	14,103,59,159	12,149,62,205	10,198,64,253	12,244,62,300	22,291,52,347	10,339,64,394	14,386,59,442
