images/0/1.jpg	0,7,21,38	3,45,24,78	9,90,23,113	15,126,24,158	13,169,33,194	15,205,36,240
images/0/2.jpg	22,7,49,48	20,58,44,100	16,108,42,150	13,160,39,202	12,209,34,252	7,261,33,303
images/0/0.jpg	20,5,49,54	11,65,37,112	5,124,33,170	4,181,29,229	4,239,30,286	16,296,24,342	11,354,39,402	20,410,49,459
images/0/4.jpg	10,7,24,30	11,38,24,58	13,71,23,94	10,105,27,144	11,157,28,192
images/0/6.jpg	23,2,54,43	19,65,52,106	14,120,47,177	10,191,45,232	8,254,39,295	5,317,35,358
images/0/8.jpg	13,3,27,28	10,31,30,59	10,65,31,86
images/0/7.jpg	38,9,57,42	29,47,52,79	20,95,45,108	17,124,38,157	14,164,34,198	12,213,36,225	17,243,34,275	18,280,38,313
images/0/9.jpg	1,7,22,47	8,63,27,110	10,125,34,163	16,183,39,222	19,237,45,289
images/0/5.jpg	20,13,49,54	19,63,48,103	18,113,46,153	27,163,34,203	17,213,42,254	14,263,43,304
images/0/3.jpg	34,18,40,54	24,65,50,101	26,112,47,150	24,159,50,197	22,207,52,244	24,253,50,291	34,301,40,339	22,348,52,385	26,395,47,433
